0.149 0.153 0.169 0.173 0.169 0.184 0.192 0.188 0.169 0.161 0.161 0.176 0.184 0.200 0.196 0.180 0.161 0.173 0.176 0.173 0.149 0.129 0.129 0.165 0.212 0.333 0.325 0.322 0.333 0.388 0.396 0.384 0.573 0.694 0.702 0.718 0.706 0.545 0.318 0.345 0.361 0.322 0.306 0.282 0.227 0.208 0.212 0.204 0.200 0.192 0.188 0.153 0.380 0.322 0.298 0.263 0.271 0.255 0.247 0.212 0.212 0.184 0.184 0.020 0.012 0.012 0.016 0.000 0.000 0.000 0.000 0.000 0.004 0.078 0.051 0.043 0.031 0.027 0.031 0.027 0.027 0.024 0.016 0.012 0.012 0.012 0.012 0.012 0.012 0.012 0.012 0.012 0.012 0.020 0.027 0.027 0.027 0.031 0.031 0.024
0.231 0.231 0.212 0.208 0.169 0.149 0.157 0.157 0.161 0.184 0.196 0.208 0.224 0.220 0.204 0.196 0.208 0.220 0.239 0.235 0.216 0.125 0.133 0.184 0.318 0.333 0.329 0.388 0.337 0.349 0.420 0.494 0.624 0.686 0.667 0.694 0.690 0.671 0.675 0.361 0.255 0.275 0.294 0.247 0.216 0.216 0.212 0.216 0.173 0.153 0.161 0.196 0.208 0.337 0.345 0.325 0.302 0.275 0.263 0.220 0.220 0.188 0.180 0.035 0.020 0.024 0.027 0.039 0.012 0.000 0.000 0.016 0.020 0.027 0.024 0.027 0.043 0.051 0.059 0.047 0.035 0.024 0.020 0.024 0.020 0.020 0.012 0.012 0.016 0.016 0.016 0.012 0.020 0.024 0.024 0.024 0.024 0.024 0.027 0.027
0.255 0.247 0.243 0.224 0.188 0.184 0.188 0.165 0.153 0.161 0.184 0.224 0.227 0.216 0.192 0.169 0.145 0.153 0.173 0.196 0.212 0.133 0.141 0.145 0.333 0.361 0.298 0.290 0.310 0.388 0.384 0.573 0.667 0.675 0.675 0.663 0.655 0.671 0.667 0.290 0.322 0.251 0.224 0.216 0.216 0.216 0.208 0.192 0.169 0.173 0.173 0.161 0.165 0.180 0.243 0.231 0.263 0.263 0.275 0.278 0.251 0.200 0.169 0.106 0.075 0.067 0.075 0.094 0.110 0.122 0.118 0.110 0.098 0.071 0.047 0.031 0.020 0.020 0.024 0.024 0.024 0.024 0.024 0.027 0.024 0.024 0.024 0.020 0.016 0.016 0.016 0.020 0.020 0.027 0.035 0.027 0.027 0.024 0.027 0.027
0.263 0.259 0.267 0.255 0.259 0.239 0.224 0.204 0.208 0.216 0.227 0.247 0.247 0.239 0.200 0.157 0.129 0.122 0.118 0.122 0.141 0.157 0.102 0.133 0.259 0.243 0.325 0.353 0.361 0.357 0.447 0.596 0.647 0.651 0.686 0.651 0.651 0.627 0.616 0.573 0.173 0.275 0.216 0.216 0.220 0.216 0.188 0.173 0.165 0.173 0.184 0.196 0.184 0.184 0.298 0.196 0.220 0.212 0.196 0.180 0.169 0.169 0.149 0.075 0.047 0.035 0.031 0.031 0.031 0.027 0.027 0.031 0.031 0.027 0.016 0.012 0.012 0.012 0.012 0.012 0.012 0.016 0.016 0.016 0.016 0.016 0.024 0.024 0.016 0.012 0.012 0.020 0.020 0.024 0.031 0.031 0.027 0.027 0.027 0.024
0.247 0.263 0.259 0.255 0.255 0.247 0.251 0.259 0.259 0.251 0.251 0.247 0.247 0.247 0.243 0.227 0.212 0.192 0.176 0.165 0.165 0.157 0.051 0.012 0.169 0.290 0.322 0.357 0.357 0.443 0.420 0.655 0.655 0.647 0.651 0.675 0.655 0.620 0.604 0.663 0.220 0.169 0.188 0.208 0.204 0.176 0.180 0.176 0.165 0.165 0.169 0.169 0.180 0.196 0.212 0.302 0.188 0.212 0.212 0.212 0.200 0.188 0.133 0.059 0.043 0.031 0.020 0.012 0.012 0.012 0.004 0.008 0.008 0.004 0.004 0.004 0.004 0.004 0.008 0.012 0.012 0.008 0.008 0.012 0.012 0.012 0.008 0.012 0.020 0.020 0.020 0.020 0.031 0.035 0.043 0.063 0.067 0.047 0.035 0.024
0.216 0.227 0.235 0.239 0.235 0.235 0.235 0.239 0.243 0.239 0.243 0.235 0.231 0.224 0.227 0.216 0.204 0.196 0.192 0.196 0.188 0.063 0.086 0.086 0.259 0.294 0.384 0.349 0.416 0.416 0.600 0.635 0.647 0.647 0.651 0.647 0.584 0.561 0.541 0.596 0.176 0.176 0.169 0.169 0.157 0.153 0.157 0.169 0.165 0.176 0.176 0.180 0.184 0.176 0.196 0.365 0.161 0.184 0.188 0.184 0.184 0.180 0.067 0.012 0.012 0.008 0.008 0.008 0.008 0.008 0.012 0.012 0.012 0.012 0.012 0.012 0.012 0.012 0.012 0.008 0.008 0.008 0.008 0.008 0.004 0.012 0.012 0.012 0.020 0.027 0.031 0.035 0.035 0.043 0.047 0.047 0.043 0.035 0.020 0.016
0.173 0.173 0.161 0.149 0.161 0.165 0.157 0.153 0.153 0.169 0.173 0.173 0.176 0.188 0.192 0.192 0.208 0.220 0.216 0.204 0.106 0.188 0.298 0.153 0.275 0.357 0.376 0.376 0.412 0.612 0.620 0.588 0.659 0.616 0.561 0.533 0.553 0.565 0.494 0.396 0.176 0.169 0.169 0.169 0.169 0.169 0.176 0.176 0.165 0.176 0.184 0.192 0.200 0.216 0.220 0.267 0.153 0.161 0.165 0.157 0.137 0.118 0.008 0.004 0.004 0.004 0.004 0.012 0.020 0.016 0.024 0.020 0.016 0.012 0.012 0.012 0.012 0.012 0.012 0.008 0.008 0.004 0.004 0.004 0.008 0.008 0.020 0.024 0.024 0.031 0.035 0.039 0.055 0.059 0.051 0.047 0.031 0.020 0.016 0.008
0.110 0.125 0.141 0.153 0.145 0.137 0.122 0.102 0.098 0.082 0.067 0.063 0.063 0.055 0.047 0.043 0.047 0.051 0.055 0.071 0.110 0.314 0.271 0.149 0.298 0.322 0.337 0.416 0.659 0.651 0.635 0.616 0.620 0.612 0.565 0.553 0.529 0.490 0.843 0.243 0.173 0.173 0.176 0.173 0.176 0.184 0.180 0.180 0.173 0.176 0.176 0.176 0.176 0.173 0.192 0.192 0.165 0.141 0.153 0.153 0.153 0.086 0.027 0.024 0.024 0.020 0.035 0.059 0.067 0.067 0.071 0.063 0.063 0.063 0.067 0.082 0.078 0.071 0.067 0.043 0.039 0.024 0.016 0.012 0.012 0.012 0.012 0.020 0.020 0.020 0.016 0.020 0.027 0.031 0.039 0.031 0.016 0.012 0.008 0.004
0.094 0.075 0.071 0.071 0.071 0.082 0.082 0.075 0.059 0.039 0.020 0.012 0.012 0.008 0.008 0.004 0.008 0.004 0.008 0.012 0.153 0.204 0.224 0.145 0.294 0.486 0.506 0.678 0.651 0.620 0.608 0.608 0.600 0.584 0.545 0.510 0.506 0.635 0.635 0.176 0.188 0.192 0.196 0.184 0.184 0.192 0.188 0.188 0.173 0.176 0.173 0.173 0.180 0.180 0.188 0.204 0.161 0.137 0.141 0.106 0.102 0.043 0.020 0.031 0.047 0.063 0.078 0.086 0.098 0.102 0.106 0.106 0.110 0.106 0.114 0.145 0.161 0.180 0.165 0.153 0.133 0.098 0.059 0.035 0.016 0.012 0.012 0.012 0.012 0.012 0.008 0.008 0.016 0.020 0.020 0.020 0.020 0.012 0.012 0.008
0.157 0.122 0.090 0.078 0.075 0.082 0.086 0.086 0.075 0.071 0.055 0.027 0.012 0.008 0.004 0.004 0.008 0.012 0.016 0.016 0.086 0.067 0.122 0.067 0.298 0.475 0.663 0.651 0.639 0.620 0.592 0.588 0.557 0.545 0.522 0.557 0.506 0.631 0.400 0.208 0.200 0.208 0.204 0.196 0.204 0.204 0.196 0.196 0.184 0.196 0.188 0.188 0.192 0.192 0.200 0.376 0.141 0.125 0.090 0.129 0.094 0.027 0.016 0.016 0.020 0.020 0.020 0.024 0.024 0.035 0.039 0.059 0.063 0.078 0.094 0.118 0.145 0.145 0.141 0.114 0.078 0.047 0.031 0.020 0.012 0.012 0.012 0.012 0.004 0.004 0.008 0.020 0.020 0.020 0.020 0.020 0.024 0.024 0.020 0.020
0.114 0.063 0.039 0.024 0.016 0.027 0.024 0.031 0.020 0.012 0.008 0.004 0.004 0.004 0.004 0.012 0.027 0.035 0.043 0.035 0.102 0.090 0.125 0.231 0.482 0.651 0.675 0.663 0.643 0.612 0.588 0.565 0.518 0.518 0.588 0.482 0.427 0.588 0.251 0.224 0.220 0.227 0.220 0.216 0.216 0.220 0.216 0.208 0.208 0.220 0.208 0.196 0.192 0.173 0.165 0.204 0.122 0.141 0.145 0.110 0.090 0.051 0.024 0.024 0.020 0.016 0.008 0.008 0.004 0.008 0.008 0.020 0.020 0.031 0.055 0.075 0.094 0.102 0.098 0.075 0.039 0.020 0.016 0.012 0.016 0.016 0.012 0.008 0.004 0.004 0.012 0.020 0.020 0.016 0.012 0.020 0.027 0.024 0.016 0.012
0.067 0.067 0.075 0.090 0.114 0.122 0.110 0.094 0.075 0.043 0.027 0.016 0.012 0.008 0.008 0.016 0.020 0.020 0.024 0.024 0.071 0.200 0.094 0.408 0.667 0.659 0.667 0.612 0.620 0.588 0.557 0.498 0.502 0.612 0.514 0.455 0.431 0.318 0.290 0.271 0.267 0.267 0.251 0.231 0.243 0.239 0.224 0.216 0.208 0.204 0.200 0.176 0.176 0.173 0.416 0.180 0.173 0.169 0.122 0.098 0.145 0.027 0.008 0.004 0.000 0.000 0.000 0.000 0.000 0.000 0.000 0.000 0.004 0.008 0.004 0.008 0.008 0.008 0.020 0.024 0.024 0.024 0.031 0.031 0.020 0.020 0.008 0.008 0.004 0.004 0.008 0.020 0.027 0.035 0.039 0.031 0.020 0.012 0.004 0.000
0.020 0.016 0.020 0.027 0.031 0.035 0.039 0.039 0.039 0.047 0.059 0.071 0.067 0.063 0.075 0.078 0.071 0.071 0.051 0.039 0.067 0.149 0.600 0.647 0.659 0.659 0.627 0.620 0.588 0.537 0.490 0.502 0.659 0.576 0.506 0.443 0.376 0.388 0.361 0.333 0.302 0.306 0.290 0.302 0.314 0.290 0.267 0.259 0.247 0.247 0.243 0.220 0.200 0.188 0.286 0.165 0.161 0.133 0.110 0.149 0.106 0.122 0.004 0.000 0.000 0.000 0.000 0.000 0.004 0.004 0.004 0.008 0.008 0.004 0.004 0.004 0.004 0.008 0.008 0.008 0.008 0.016 0.024 0.035 0.051 0.055 0.055 0.031 0.016 0.008 0.004 0.008 0.012 0.031 0.043 0.027 0.016 0.004 0.000 0.000
0.004 0.004 0.004 0.004 0.008 0.012 0.012 0.012 0.020 0.027 0.051 0.075 0.102 0.133 0.161 0.157 0.137 0.114 0.094 0.086 0.067 0.616 0.667 0.675 0.663 0.655 0.600 0.565 0.557 0.506 0.514 0.635 0.725 0.643 0.557 0.494 0.459 0.420 0.420 0.408 0.467 0.561 0.616 0.639 0.753 0.380 0.396 0.388 0.345 0.525 0.369 0.443 0.369 0.541 0.235 0.169 0.153 0.122 0.106 0.082 0.333 0.027 0.000 0.000 0.000 0.004 0.004 0.004 0.004 0.008 0.004 0.008 0.008 0.008 0.008 0.008 0.004 0.000 0.000 0.004 0.004 0.004 0.004 0.004 0.008 0.012 0.031 0.031 0.020 0.016 0.004 0.004 0.008 0.020 0.031 0.024 0.012 0.008 0.000 0.000
0.004 0.004 0.004 0.008 0.008 0.016 0.016 0.020 0.031 0.043 0.051 0.067 0.067 0.063 0.063 0.067 0.063 0.067 0.078 0.098 0.620 0.671 0.682 0.647 0.643 0.592 0.592 0.561 0.545 0.510 0.600 0.910 0.941 0.941 0.914 0.882 0.875 0.867 0.851 0.843 0.847 0.867 0.878 0.796 0.612 0.478 0.675 0.784 0.757 0.733 0.714 0.816 0.145 0.020 0.008 0.043 0.098 0.129 0.161 0.063 0.039 0.000 0.000 0.000 0.000 0.004 0.004 0.008 0.016 0.024 0.031 0.027 0.039 0.039 0.043 0.043 0.035 0.027 0.031 0.024 0.020 0.012 0.016 0.008 0.008 0.008 0.004 0.008 0.008 0.016 0.012 0.008 0.008 0.008 0.012 0.012 0.012 0.012 0.012 0.012
0.012 0.004 0.000 0.000 0.000 0.000 0.000 0.004 0.008 0.012 0.012 0.012 0.004 0.000 0.000 0.000 0.000 0.000 0.004 0.608 0.671 0.671 0.635 0.647 0.631 0.604 0.553 0.514 0.506 0.588 0.792 0.745 0.678 0.937 0.914 0.894 0.898 0.894 0.902 0.663 0.627 0.600 0.490 0.408 0.329 0.416 0.376 0.369 0.376 0.431 0.412 0.380 0.349 0.471 0.435 0.055 0.220 0.443 0.596 0.529 0.090 0.008 0.008 0.012 0.020 0.027 0.039 0.039 0.071 0.086 0.086 0.090 0.098 0.098 0.090 0.071 0.047 0.039 0.043 0.043 0.047 0.031 0.024 0.024 0.024 0.016 0.008 0.004 0.004 0.004 0.012 0.020 0.024 0.012 0.008 0.008 0.008 0.004 0.004 0.004
0.000 0.000 0.000 0.000 0.000 0.000 0.000 0.000 0.000 0.000 0.000 0.004 0.000 0.000 0.000 0.004 0.004 0.012 0.643 0.698 0.694 0.651 0.655 0.627 0.580 0.576 0.549 0.498 0.561 0.725 0.620 0.541 0.435 0.137 0.525 0.561 0.690 0.620 0.533 0.467 0.345 0.341 0.345 0.349 0.400 0.435 0.463 0.537 0.596 0.471 0.333 0.353 0.424 0.467 0.498 0.545 0.482 0.365 0.482 0.502 0.020 0.020 0.031 0.035 0.059 0.082 0.086 0.082 0.082 0.078 0.075 0.063 0.063 0.067 0.075 0.071 0.063 0.055 0.035 0.027 0.024 0.024 0.020 0.035 0.035 0.035 0.020 0.012 0.008 0.004 0.000 0.000 0.000 0.000 0.000 0.000 0.000 0.000 0.000 0.000
0.004 0.004 0.012 0.024 0.024 0.031 0.031 0.024 0.024 0.031 0.031 0.031 0.020 0.020 0.027 0.514 0.596 0.678 0.663 0.690 0.733 0.655 0.643 0.600 0.573 0.545 0.510 0.529 0.678 0.565 0.498 0.408 0.357 0.361 0.353 0.329 0.376 0.361 0.337 0.353 0.337 0.380 0.396 0.447 0.486 0.529 0.576 0.604 0.522 0.329 0.353 0.463 0.533 0.596 0.635 0.624 0.541 0.427 0.427 0.682 0.224 0.004 0.008 0.020 0.027 0.031 0.035 0.031 0.016 0.012 0.004 0.004 0.004 0.004 0.008 0.004 0.004 0.000 0.000 0.000 0.000 0.000 0.000 0.012 0.012 0.012 0.008 0.000 0.000 0.000 0.000 0.000 0.000 0.000 0.000 0.000 0.000 0.000 0.000 0.000
0.039 0.047 0.063 0.082 0.094 0.102 0.106 0.118 0.125 0.133 0.125 0.102 0.086 0.078 0.565 0.639 0.655 0.537 0.592 0.627 0.635 0.722 0.718 0.643 0.580 0.557 0.565 0.604 0.624 0.596 0.529 0.451 0.451 0.518 0.537 0.471 0.365 0.353 0.361 0.349 0.412 0.459 0.541 0.557 0.596 0.624 0.624 0.549 0.345 0.376 0.490 0.612 0.655 0.671 0.643 0.592 0.443 0.325 0.608 0.824 0.235 0.051 0.027 0.027 0.027 0.031 0.039 0.027 0.020 0.016 0.004 0.000 0.000 0.000 0.000 0.000 0.000 0.000 0.000 0.000 0.000 0.000 0.000 0.000 0.000 0.000 0.000 0.000 0.000 0.000 0.000 0.000 0.000 0.000 0.000 0.000 0.000 0.000 0.000 0.000
0.078 0.071 0.071 0.082 0.094 0.090 0.110 0.129 0.153 0.169 0.180 0.176 0.169 0.525 0.459 0.435 0.537 0.588 0.584 0.165 0.608 0.576 0.373 0.647 0.671 0.596 0.620 0.698 0.667 0.694 0.580 0.545 0.635 0.600 0.451 0.408 0.396 0.365 0.353 0.510 0.686 0.675 0.667 0.655 0.659 0.600 0.541 0.349 0.443 0.553 0.616 0.671 0.675 0.631 0.592 0.490 0.275 0.286 0.863 0.204 0.184 0.078 0.078 0.082 0.082 0.416 0.376 0.094 0.078 0.063 0.020 0.004 0.000 0.000 0.000 0.000 0.000 0.000 0.000 0.000 0.004 0.016 0.016 0.016 0.016 0.008 0.000 0.000 0.004 0.008 0.024 0.027 0.024 0.031 0.020 0.020 0.012 0.016 0.012 0.012
0.122 0.114 0.090 0.071 0.059 0.075 0.082 0.106 0.110 0.129 0.149 0.333 0.600 0.569 0.498 0.482 0.369 0.514 0.588 0.635 0.592 0.361 0.561 0.635 0.482 0.506 0.800 0.737 0.718 0.729 0.604 0.690 0.624 0.482 0.412 0.396 0.369 0.369 0.518 0.620 0.565 0.604 0.659 0.624 0.573 0.490 0.353 0.451 0.592 0.663 0.694 0.710 0.682 0.600 0.494 0.337 0.275 0.565 0.169 0.212 0.059 0.063 0.490 0.392 0.380 0.365 0.400 0.455 0.035 0.027 0.016 0.008 0.000 0.000 0.000 0.000 0.000 0.000 0.000 0.008 0.012 0.024 0.020 0.020 0.020 0.016 0.016 0.016 0.024 0.039 0.059 0.071 0.071 0.063 0.047 0.031 0.024 0.016 0.024 0.031
0.141 0.106 0.071 0.055 0.055 0.063 0.082 0.098 0.114 0.133 0.208 0.561 0.580 0.502 0.525 0.498 0.373 0.416 0.380 0.255 0.314 0.169 0.184 0.055 0.051 0.212 0.165 0.761 0.784 0.765 0.682 0.529 0.455 0.400 0.420 0.396 0.357 0.529 0.549 0.533 0.510 0.486 0.475 0.525 0.431 0.337 0.502 0.616 0.671 0.718 0.694 0.686 0.616 0.459 0.380 0.294 0.322 0.239 0.216 0.306 0.082 0.216 0.553 0.482 0.427 0.408 0.404 0.463 0.024 0.012 0.004 0.000 0.000 0.000 0.000 0.000 0.000 0.000 0.000 0.000 0.000 0.004 0.004 0.004 0.000 0.004 0.004 0.008 0.012 0.024 0.035 0.035 0.020 0.020 0.016 0.016 0.008 0.008 0.008 0.020
0.067 0.047 0.039 0.039 0.051 0.063 0.082 0.090 0.086 0.122 0.592 0.588 0.467 0.514 0.451 0.341 0.275 0.255 0.384 0.275 0.212 0.231 0.278 0.310 0.345 0.478 0.416 0.835 0.776 0.627 0.592 0.459 0.408 0.416 0.439 0.376 0.518 0.557 0.549 0.541 0.584 0.635 0.651 0.400 0.365 0.541 0.627 0.671 0.702 0.702 0.675 0.592 0.525 0.404 0.275 0.875 0.227 0.267 0.435 0.282 0.098 0.557 0.510 0.518 0.420 0.455 0.451 0.455 0.020 0.024 0.020 0.016 0.000 0.000 0.000 0.000 0.000 0.000 0.000 0.000 0.000 0.000 0.008 0.004 0.008 0.008 0.020 0.020 0.031 0.051 0.055 0.067 0.078 0.078 0.071 0.055 0.035 0.031 0.020 0.024
0.055 0.047 0.047 0.047 0.051 0.055 0.055 0.047 0.149 0.694 0.659 0.596 0.522 0.314 0.455 0.302 0.310 0.271 0.216 0.224 0.118 0.063 0.098 0.271 0.353 0.373 0.655 0.788 0.788 0.616 0.541 0.443 0.596 0.471 0.408 0.490 0.557 0.584 0.639 0.675 0.722 0.706 0.451 0.416 0.549 0.651 0.663 0.725 0.722 0.690 0.647 0.486 0.369 0.259 0.510 0.835 0.239 0.216 0.424 0.122 0.008 0.424 0.427 0.475 0.451 0.467 0.427 0.447 0.012 0.012 0.020 0.016 0.004 0.000 0.000 0.000 0.000 0.000 0.000 0.000 0.000 0.000 0.000 0.000 0.008 0.012 0.016 0.008 0.004 0.000 0.000 0.000 0.000 0.008 0.008 0.008 0.000 0.008 0.008 0.004
0.098 0.122 0.125 0.114 0.098 0.082 0.075 0.075 0.471 0.624 0.376 0.671 0.502 0.565 0.271 0.490 0.290 0.271 0.259 0.380 0.255 0.400 0.431 0.404 0.380 0.761 0.835 0.827 0.741 0.612 0.557 0.616 0.475 0.424 0.475 0.576 0.631 0.678 0.710 0.769 0.678 0.427 0.475 0.576 0.647 0.702 0.741 0.702 0.675 0.608 0.494 0.353 0.322 0.545 0.357 0.275 0.278 0.220 0.522 0.098 0.016 0.392 0.427 0.373 0.408 0.451 0.427 0.020 0.004 0.004 0.004 0.004 0.004 0.004 0.004 0.004 0.000 0.000 0.000 0.000 0.000 0.000 0.000 0.000 0.000 0.000 0.000 0.000 0.000 0.000 0.000 0.000 0.000 0.000 0.000 0.000 0.000 0.000 0.000 0.000
0.180 0.184 0.165 0.137 0.110 0.098 0.086 0.094 0.235 0.255 0.247 0.518 0.765 0.494 0.314 0.400 0.310 0.314 0.259 0.286 0.255 0.200 0.357 0.435 0.569 0.808 0.824 0.757 0.675 0.529 0.510 0.498 0.455 0.463 0.612 0.682 0.714 0.757 0.784 0.639 0.431 0.525 0.604 0.686 0.714 0.718 0.671 0.627 0.580 0.502 0.333 0.345 0.541 0.443 0.569 0.259 0.294 0.239 0.514 0.063 0.027 0.365 0.376 0.380 0.380 0.400 0.416 0.004 0.004 0.004 0.004 0.004 0.004 0.000 0.000 0.000 0.000 0.000 0.000 0.000 0.000 0.000 0.000 0.000 0.000 0.000 0.000 0.000 0.000 0.000 0.000 0.000 0.000 0.000 0.000 0.000 0.004 0.004 0.012 0.016
0.235 0.227 0.227 0.216 0.212 0.200 0.192 0.180 0.133 0.298 0.204 0.098 0.173 0.627 0.824 0.722 0.522 0.478 0.420 0.510 0.435 0.404 0.416 0.443 0.757 0.824 0.792 0.647 0.533 0.541 0.494 0.478 0.475 0.620 0.741 0.761 0.804 0.808 0.533 0.478 0.569 0.643 0.714 0.753 0.714 0.671 0.620 0.533 0.510 0.314 0.392 0.596 0.510 0.290 0.569 0.306 0.275 0.361 0.498 0.047 0.369 0.376 0.392 0.388 0.416 0.420 0.016 0.012 0.016 0.016 0.016 0.008 0.012 0.000 0.000 0.000 0.000 0.000 0.016 0.016 0.016 0.016 0.016 0.016 0.012 0.008 0.008 0.000 0.000 0.000 0.000 0.000 0.000 0.012 0.031 0.051 0.078 0.090 0.098 0.090
0.294 0.282 0.255 0.235 0.220 0.204 0.188 0.173 0.353 0.486 0.275 0.267 0.180 0.122 0.094 0.122 0.349 0.612 0.780 0.769 0.600 0.596 0.565 0.761 0.808 0.796 0.757 0.592 0.533 0.545 0.533 0.510 0.620 0.773 0.816 0.820 0.725 0.506 0.522 0.608 0.698 0.733 0.761 0.678 0.647 0.596 0.522 0.478 0.318 0.396 0.592 0.635 0.325 0.510 0.525 0.345 0.376 0.271 0.525 0.114 0.361 0.384 0.388 0.412 0.396 0.435 0.098 0.098 0.090 0.086 0.082 0.082 0.086 0.086 0.094 0.090 0.094 0.094 0.094 0.090 0.090 0.086 0.082 0.086 0.086 0.090 0.094 0.090 0.090 0.090 0.090 0.090 0.086 0.086 0.090 0.094 0.102 0.102 0.114 0.114
0.384 0.325 0.267 0.208 0.169 0.169 0.176 0.180 0.318 0.200 0.282 0.176 0.184 0.263 0.231 0.192 0.239 0.353 0.376 0.549 0.608 0.592 0.682 0.725 0.863 0.820 0.690 0.553 0.545 0.541 0.565 0.600 0.769 0.859 0.859 0.592 0.529 0.537 0.655 0.714 0.749 0.729 0.690 0.671 0.588 0.506 0.392 0.329 0.325 0.557 0.631 0.424 0.365 0.553 0.549 0.027 0.404 0.408 0.463 0.400 0.345 0.373 0.412 0.408 0.435 0.067 0.039 0.043 0.051 0.055 0.067 0.082 0.090 0.090 0.094 0.102 0.110 0.106 0.106 0.110 0.110 0.110 0.110 0.110 0.102 0.094 0.094 0.094 0.094 0.090 0.090 0.098 0.094 0.098 0.094 0.094 0.098 0.098 0.106 0.102
0.451 0.369 0.259 0.196 0.169 0.169 0.173 0.173 0.161 0.106 0.141 0.208 0.188 0.400 0.314 0.200 0.282 0.502 0.573 0.510 0.498 0.518 0.494 0.933 0.875 0.784 0.620 0.624 0.635 0.659 0.718 0.753 0.855 0.867 0.573 0.545 0.612 0.706 0.725 0.737 0.710 0.663 0.639 0.561 0.506 0.427 0.325 0.282 0.529 0.647 0.545 0.314 0.455 0.588 0.537 0.333 0.384 0.482 0.439 0.345 0.361 0.373 0.416 0.424 0.427 0.051 0.043 0.043 0.043 0.047 0.055 0.067 0.082 0.098 0.110 0.110 0.110 0.114 0.114 0.118 0.122 0.122 0.122 0.118 0.118 0.110 0.106 0.094 0.094 0.090 0.090 0.094 0.102 0.106 0.106 0.102 0.094 0.094 0.098 0.090
0.294 0.235 0.216 0.208 0.192 0.180 0.184 0.184 0.157 0.220 0.086 0.204 0.208 0.267 0.494 0.549 0.647 0.596 0.592 0.604 0.533 0.463 0.412 0.510 0.894 0.733 0.592 0.718 0.733 0.761 0.827 0.847 0.749 0.573 0.596 0.682 0.725 0.733 0.710 0.694 0.651 0.612 0.510 0.529 0.361 0.345 0.271 0.478 0.651 0.612 0.322 0.400 0.486 0.510 0.404 0.333 0.298 0.529 0.424 0.373 0.396 0.400 0.435 0.439 0.380 0.075 0.086 0.098 0.114 0.125 0.122 0.118 0.122 0.118 0.114 0.110 0.094 0.086 0.090 0.090 0.086 0.086 0.086 0.094 0.094 0.094 0.094 0.094 0.094 0.102 0.090 0.090 0.098 0.098 0.086 0.078 0.075 0.071 0.086 0.086
0.271 0.255 0.231 0.224 0.212 0.196 0.192 0.188 0.184 0.255 0.239 0.122 0.176 0.239 0.255 0.467 0.478 0.541 0.525 0.545 0.518 0.439 0.467 0.592 0.690 0.694 0.600 0.769 0.784 0.824 0.839 0.714 0.580 0.675 0.714 0.725 0.694 0.686 0.675 0.635 0.588 0.565 0.580 0.392 0.337 0.337 0.443 0.624 0.616 0.478 0.388 0.545 0.541 0.412 0.349 0.341 0.361 0.518 0.486 0.384 0.400 0.431 0.447 0.439 0.055 0.063 0.078 0.090 0.086 0.078 0.067 0.063 0.067 0.071 0.082 0.106 0.122 0.125 0.122 0.106 0.098 0.090 0.082 0.086 0.090 0.090 0.094 0.090 0.086 0.075 0.063 0.051 0.051 0.051 0.051 0.035 0.031 0.039 0.047 0.043
0.267 0.243 0.224 0.216 0.200 0.204 0.200 0.204 0.204 0.188 0.314 0.200 0.145 0.247 0.247 0.247 0.369 0.471 0.580 0.557 0.471 0.510 0.576 0.659 0.580 0.722 0.733 0.831 0.839 0.839 0.765 0.647 0.706 0.698 0.659 0.612 0.612 0.573 0.616 0.561 0.545 0.502 0.482 0.337 0.302 0.314 0.588 0.608 0.537 0.318 0.486 0.533 0.549 0.369 0.376 0.443 0.510 0.263 0.392 0.404 0.427 0.451 0.463 0.455 0.012 0.016 0.012 0.020 0.016 0.016 0.004 0.004 0.004 0.004 0.020 0.047 0.086 0.114 0.114 0.118 0.110 0.102 0.090 0.078 0.086 0.098 0.094 0.086 0.086 0.082 0.071 0.063 0.063 0.067 0.067 0.067 0.067 0.075 0.067 0.059
0.231 0.216 0.220 0.220 0.212 0.220 0.220 0.220 0.192 0.055 0.294 0.161 0.216 0.133 0.286 0.196 0.286 0.463 0.522 0.463 0.459 0.506 0.553 0.549 0.675 0.733 0.859 0.851 0.847 0.824 0.635 0.541 0.467 0.447 0.447 0.431 0.439 0.475 0.478 0.494 0.502 0.522 0.329 0.318 0.333 0.498 0.600 0.533 0.373 0.412 0.565 0.608 0.329 0.765 0.369 0.329 0.271 0.482 0.404 0.435 0.435 0.447 0.471 0.090 0.008 0.004 0.004 0.012 0.020 0.020 0.008 0.008 0.008 0.012 0.031 0.059 0.090 0.098 0.098 0.094 0.094 0.086 0.071 0.067 0.067 0.075 0.078 0.071 0.071 0.078 0.082 0.082 0.082 0.086 0.086 0.086 0.086 0.086 0.094 0.086
0.263 0.247 0.231 0.231 0.231 0.235 0.231 0.235 0.208 0.071 0.267 0.235 0.180 0.157 0.216 0.259 0.427 0.298 0.439 0.486 0.459 0.455 0.475 0.467 0.494 0.714 0.890 0.875 0.886 0.580 0.502 0.498 0.490 0.498 0.514 0.529 0.537 0.616 0.584 0.490 0.451 0.463 0.325 0.329 0.408 0.604 0.561 0.443 0.396 0.510 0.616 0.490 0.443 0.388 0.353 0.349 0.431 0.431 0.420 0.424 0.447 0.443 0.443 0.102 0.106 0.098 0.078 0.078 0.075 0.078 0.078 0.063 0.059 0.063 0.071 0.071 0.071 0.075 0.075 0.082 0.090 0.086 0.075 0.082 0.082 0.090 0.086 0.082 0.078 0.075 0.071 0.063 0.063 0.063 0.071 0.078 0.086 0.086 0.086 0.082
0.306 0.302 0.286 0.278 0.278 0.278 0.278 0.275 0.263 0.114 0.098 0.298 0.188 0.184 0.224 0.282 0.318 0.392 0.514 0.510 0.490 0.443 0.435 0.498 0.576 0.627 0.933 0.906 0.624 0.541 0.565 0.569 0.573 0.592 0.616 0.663 0.655 0.627 0.514 0.475 0.404 0.404 0.329 0.337 0.541 0.569 0.471 0.400 0.471 0.549 0.529 0.302 0.733 0.365 0.380 0.365 0.541 0.373 0.408 0.396 0.427 0.404 0.427 0.184 0.173 0.173 0.180 0.196 0.200 0.188 0.165 0.118 0.094 0.082 0.078 0.075 0.071 0.071 0.071 0.059 0.059 0.051 0.059 0.067 0.075 0.075 0.051 0.047 0.051 0.055 0.055 0.043 0.043 0.051 0.059 0.067 0.071 0.063 0.063 0.063
0.357 0.361 0.361 0.361 0.365 0.357 0.361 0.361 0.349 0.161 0.153 0.220 0.153 0.278 0.204 0.204 0.365 0.435 0.510 0.467 0.455 0.463 0.502 0.553 0.592 0.612 0.953 0.792 0.580 0.624 0.639 0.635 0.690 0.718 0.729 0.698 0.663 0.584 0.486 0.439 0.435 0.376 0.310 0.373 0.537 0.506 0.412 0.490 0.525 0.545 0.349 0.808 0.686 0.624 0.349 0.588 0.635 0.392 0.400 0.424 0.396 0.396 0.208 0.192 0.204 0.271 0.376 0.475 0.529 0.537 0.447 0.286 0.176 0.129 0.129 0.125 0.125 0.122 0.118 0.098 0.075 0.067 0.067 0.071 0.071 0.063 0.047 0.039 0.043 0.051 0.059 0.055 0.059 0.055 0.059 0.059 0.055 0.047 0.043 0.035
0.376 0.376 0.388 0.408 0.420 0.416 0.408 0.412 0.408 0.106 0.157 0.180 0.173 0.275 0.188 0.271 0.329 0.388 0.494 0.459 0.427 0.514 0.545 0.584 0.624 0.635 0.765 0.690 0.663 0.710 0.725 0.737 0.737 0.710 0.714 0.698 0.631 0.529 0.498 0.475 0.392 0.325 0.333 0.420 0.529 0.529 0.455 0.525 0.514 0.424 0.690 0.686 0.710 0.745 0.580 0.635 0.388 0.412 0.416 0.416 0.396 0.388 0.235 0.251 0.310 0.404 0.518 0.459 0.392 0.361 0.439 0.478 0.306 0.227 0.204 0.227 0.294 0.341 0.349 0.290 0.196 0.122 0.082 0.078 0.071 0.067 0.063 0.055 0.055 0.055 0.055 0.055 0.059 0.059 0.055 0.051 0.051 0.043 0.039 0.035
0.373 0.384 0.388 0.404 0.408 0.412 0.396 0.416 0.388 0.243 0.098 0.106 0.243 0.196 0.212 0.212 0.322 0.447 0.459 0.439 0.518 0.545 0.561 0.588 0.624 0.592 0.808 0.722 0.784 0.784 0.780 0.761 0.706 0.706 0.616 0.518 0.455 0.455 0.455 0.447 0.427 0.302 0.349 0.478 0.537 0.545 0.506 0.518 0.427 0.314 0.812 0.671 0.616 0.612 0.475 0.631 0.420 0.416 0.420 0.424 0.388 0.420 0.455 0.522 0.533 0.569 0.518 0.431 0.318 0.243 0.290 0.396 0.400 0.318 0.286 0.333 0.420 0.506 0.529 0.545 0.318 0.145 0.078 0.067 0.063 0.063 0.063 0.055 0.055 0.055 0.051 0.055 0.059 0.055 0.051 0.047 0.055 0.059 0.059 0.051
0.365 0.384 0.388 0.392 0.408 0.408 0.404 0.400 0.314 0.055 0.122 0.169 0.227 0.216 0.263 0.224 0.251 0.498 0.459 0.537 0.553 0.533 0.557 0.616 0.631 0.580 0.808 0.714 0.847 0.831 0.812 0.780 0.690 0.659 0.616 0.576 0.478 0.459 0.459 0.435 0.369 0.329 0.404 0.506 0.557 0.533 0.478 0.471 0.314 0.533 0.780 0.671 0.639 0.604 0.459 0.373 0.380 0.376 0.384 0.396 0.408 0.604 0.565 0.529 0.494 0.502 0.439 0.427 0.341 0.325 0.384 0.510 0.541 0.498 0.427 0.388 0.416 0.424 0.361 0.471 0.396 0.216 0.094 0.071 0.067 0.071 0.078 0.082 0.094 0.098 0.102 0.106 0.110 0.118 0.129 0.129 0.133 0.137 0.149 0.157
0.392 0.392 0.396 0.392 0.400 0.416 0.396 0.392 0.357 0.114 0.078 0.098 0.176 0.231 0.192 0.200 0.251 0.459 0.478 0.584 0.561 0.561 0.596 0.639 0.647 0.573 0.788 0.714 0.890 0.867 0.831 0.792 0.686 0.608 0.576 0.565 0.525 0.490 0.451 0.427 0.384 0.341 0.400 0.494 0.545 0.502 0.427 0.325 0.341 0.537 0.780 0.663 0.733 0.576 0.455 0.396 0.373 0.384 0.380 0.388 0.557 0.565 0.545 0.498 0.447 0.412 0.373 0.294 0.275 0.384 0.529 0.510 0.443 0.455 0.478 0.463 0.478 0.525 0.498 0.522 0.431 0.333 0.220 0.157 0.157 0.176 0.216 0.247 0.255 0.275 0.282 0.282 0.290 0.294 0.290 0.278 0.278 0.278 0.263 0.263
0.412 0.404 0.404 0.408 0.412 0.420 0.420 0.420 0.427 0.255 0.043 0.153 0.157 0.188 0.239 0.200 0.231 0.478 0.494 0.588 0.525 0.580 0.588 0.639 0.639 0.541 0.765 0.718 0.729 0.886 0.847 0.812 0.667 0.620 0.573 0.557 0.569 0.518 0.475 0.400 0.357 0.341 0.451 0.522 0.522 0.463 0.349 0.290 0.529 0.459 0.804 0.671 0.718 0.553 0.427 0.376 0.376 0.376 0.373 0.365 0.639 0.584 0.584 0.525 0.467 0.431 0.404 0.318 0.333 0.439 0.467 0.337 0.306 0.388 0.553 0.675 0.722 0.722 0.706 0.259 0.125 0.090 0.094 0.118 0.145 0.165 0.165 0.161 0.165 0.149 0.149 0.153 0.145 0.137 0.137 0.129 0.118 0.110 0.110 0.106
0.365 0.380 0.380 0.400 0.388 0.400 0.416 0.420 0.424 0.165 0.161 0.075 0.216 0.200 0.278 0.173 0.200 0.502 0.514 0.549 0.569 0.588 0.627 0.627 0.627 0.749 0.757 0.725 0.643 0.898 0.867 0.753 0.678 0.596 0.553 0.525 0.518 0.533 0.514 0.365 0.349 0.369 0.459 0.490 0.427 0.416 0.310 0.365 0.525 0.431 0.816 0.639 0.655 0.541 0.416 0.408 0.365 0.373 0.376 0.431 0.631 0.549 0.592 0.592 0.537 0.459 0.459 0.451 0.282 0.224 0.208 0.255 0.341 0.412 0.482 0.557 0.635 0.698 0.655 0.255 0.098 0.027 0.020 0.031 0.055 0.059 0.063 0.059 0.059 0.059 0.059 0.051 0.043 0.035 0.031 0.027 0.035 0.043 0.043 0.043
0.357 0.361 0.345 0.329 0.341 0.357 0.373 0.329 0.322 0.290 0.275 0.075 0.192 0.184 0.278 0.169 0.184 0.498 0.553 0.584 0.588 0.596 0.620 0.663 0.604 0.718 0.737 0.749 0.639 0.651 0.894 0.714 0.635 0.533 0.549 0.490 0.455 0.369 0.333 0.345 0.325 0.392 0.541 0.502 0.451 0.345 0.314 0.565 0.369 0.671 0.714 0.639 0.635 0.588 0.404 0.388 0.388 0.376 0.388 0.302 0.502 0.420 0.545 0.608 0.561 0.529 0.541 0.310 0.114 0.035 0.035 0.082 0.227 0.376 0.369 0.380 0.404 0.471 0.529 0.498 0.302 0.075 0.012 0.004 0.008 0.012 0.012 0.008 0.004 0.004 0.004 0.004 0.000 0.004 0.000 0.000 0.000 0.000 0.000 0.000
0.502 0.486 0.467 0.459 0.439 0.439 0.216 0.098 0.067 0.067 0.145 0.235 0.169 0.220 0.196 0.173 0.216 0.490 0.549 0.561 0.565 0.592 0.624 0.627 0.596 0.663 0.765 0.733 0.620 0.647 0.910 0.671 0.612 0.506 0.490 0.471 0.400 0.373 0.341 0.396 0.333 0.396 0.529 0.412 0.369 0.341 0.396 0.537 0.333 0.769 0.694 0.678 0.655 0.384 0.400 0.388 0.392 0.384 0.294 0.278 0.310 0.412 0.600 0.557 0.573 0.557 0.541 0.420 0.243 0.106 0.063 0.102 0.275 0.522 0.455 0.416 0.412 0.455 0.494 0.467 0.369 0.114 0.016 0.000 0.000 0.000 0.000 0.000 0.000 0.000 0.000 0.000 0.000 0.000 0.000 0.000 0.000 0.000 0.000 0.000
0.671 0.663 0.686 0.694 0.647 0.337 0.078 0.008 0.004 0.008 0.012 0.231 0.114 0.220 0.220 0.255 0.224 0.439 0.541 0.557 0.600 0.596 0.616 0.616 0.553 0.647 0.757 0.745 0.620 0.698 0.902 0.647 0.553 0.518 0.475 0.369 0.380 0.369 0.361 0.376 0.345 0.471 0.518 0.392 0.396 0.357 0.459 0.302 0.490 0.812 0.714 0.757 0.655 0.388 0.392 0.384 0.384 0.408 0.357 0.286 0.247 0.345 0.678 0.604 0.580 0.541 0.510 0.443 0.439 0.416 0.325 0.431 0.616 0.765 0.698 0.588 0.557 0.541 0.502 0.463 0.404 0.133 0.008 0.000 0.000 0.000 0.000 0.000 0.000 0.000 0.000 0.000 0.000 0.000 0.000 0.000 0.000 0.000 0.000 0.000
0.792 0.796 0.780 0.780 0.714 0.396 0.114 0.035 0.039 0.067 0.055 0.133 0.235 0.184 0.235 0.271 0.275 0.224 0.506 0.561 0.596 0.588 0.608 0.612 0.522 0.698 0.769 0.733 0.620 0.749 0.882 0.608 0.447 0.412 0.353 0.302 0.329 0.396 0.384 0.435 0.361 0.490 0.369 0.361 0.361 0.408 0.322 0.341 0.612 0.847 0.706 0.824 0.435 0.404 0.404 0.408 0.408 0.337 0.337 0.298 0.298 0.345 0.596 0.576 0.490 0.475 0.416 0.388 0.349 0.376 0.486 0.588 0.698 0.722 0.725 0.706 0.686 0.569 0.475 0.396 0.337 0.145 0.020 0.000 0.000 0.000 0.000 0.000 0.000 0.000 0.000 0.000 0.000 0.000 0.000 0.000 0.000 0.000 0.000 0.000
0.847 0.824 0.800 0.765 0.686 0.490 0.286 0.216 0.231 0.235 0.165 0.094 0.106 0.231 0.216 0.271 0.251 0.329 0.502 0.553 0.588 0.620 0.620 0.576 0.478 0.686 0.733 0.729 0.576 0.902 0.678 0.427 0.329 0.349 0.282 0.302 0.337 0.459 0.345 0.329 0.400 0.447 0.384 0.396 0.416 0.333 0.357 0.408 0.592 0.847 0.714 0.757 0.404 0.404 0.416 0.404 0.459 0.349 0.306 0.310 0.255 0.467 0.545 0.478 0.380 0.329 0.325 0.349 0.267 0.094 0.024 0.020 0.047 0.075 0.133 0.176 0.192 0.212 0.275 0.255 0.306 0.165 0.067 0.024 0.012 0.016 0.024 0.027 0.031 0.043 0.047 0.039 0.035 0.031 0.027 0.027 0.024 0.012 0.000 0.000
0.847 0.835 0.808 0.761 0.647 0.447 0.306 0.235 0.208 0.165 0.125 0.106 0.141 0.161 0.196 0.255 0.227 0.243 0.439 0.529 0.541 0.592 0.584 0.533 0.596 0.651 0.737 0.667 0.624 0.867 0.580 0.353 0.384 0.369 0.361 0.459 0.451 0.463 0.424 0.318 0.435 0.376 0.384 0.345 0.302 0.337 0.349 0.490 0.604 0.812 0.725 0.424 0.416 0.412 0.408 0.463 0.318 0.333 0.286 0.275 0.329 0.529 0.718 0.502 0.365 0.310 0.282 0.239 0.078 0.000 0.000 0.000 0.000 0.000 0.000 0.000 0.000 0.000 0.004 0.059 0.192 0.161 0.071 0.035 0.027 0.031 0.047 0.055 0.075 0.098 0.102 0.102 0.082 0.075 0.059 0.051 0.039 0.027 0.000 0.000
0.839 0.835 0.812 0.698 0.596 0.412 0.318 0.239 0.224 0.157 0.125 0.165 0.102 0.129 0.184 0.220 0.263 0.263 0.353 0.541 0.557 0.612 0.486 0.455 0.639 0.624 0.733 0.514 0.686 0.855 0.490 0.314 0.400 0.443 0.506 0.490 0.459 0.392 0.353 0.396 0.400 0.384 0.325 0.322 0.392 0.369 0.427 0.337 0.757 0.812 0.737 0.431 0.427 0.427 0.463 0.451 0.361 0.322 0.298 0.345 0.314 0.282 0.475 0.365 0.322 0.298 0.290 0.082 0.000 0.000 0.000 0.000 0.000 0.000 0.000 0.000 0.000 0.000 0.000 0.004 0.106 0.145 0.071 0.031 0.012 0.012 0.024 0.031 0.047 0.063 0.067 0.063 0.051 0.047 0.031 0.020 0.016 0.016 0.000 0.000
0.843 0.843 0.788 0.675 0.576 0.239 0.051 0.008 0.012 0.008 0.031 0.102 0.090 0.122 0.133 0.173 0.239 0.235 0.310 0.518 0.529 0.447 0.447 0.475 0.635 0.616 0.631 0.506 0.698 0.773 0.384 0.365 0.424 0.471 0.396 0.373 0.341 0.384 0.376 0.400 0.353 0.302 0.329 0.353 0.322 0.365 0.314 0.525 0.780 0.796 0.510 0.455 0.443 0.478 0.486 0.357 0.361 0.310 0.329 0.333 0.337 0.188 0.145 0.102 0.063 0.024 0.008 0.000 0.000 0.000 0.000 0.000 0.000 0.000 0.000 0.000 0.000 0.000 0.000 0.000 0.008 0.078 0.082 0.031 0.008 0.008 0.016 0.020 0.035 0.047 0.051 0.043 0.035 0.031 0.020 0.020 0.016 0.016 0.000 0.000
0.863 0.827 0.761 0.616 0.498 0.031 0.000 0.000 0.000 0.000 0.000 0.016 0.482 0.086 0.110 0.176 0.180 0.251 0.322 0.306 0.525 0.435 0.380 0.455 0.631 0.525 0.439 0.553 0.769 0.612 0.341 0.482 0.349 0.376 0.341 0.310 0.310 0.318 0.373 0.333 0.290 0.294 0.314 0.412 0.341 0.318 0.404 0.596 0.839 0.788 0.553 0.541 0.510 0.502 0.376 0.333 0.306 0.290 0.275 0.247 0.224 0.278 0.082 0.027 0.004 0.000 0.000 0.000 0.000 0.000 0.000 0.000 0.000 0.000 0.000 0.000 0.000 0.000 0.000 0.000 0.000 0.031 0.078 0.031 0.008 0.004 0.008 0.016 0.027 0.043 0.047 0.035 0.035 0.027 0.020 0.016 0.016 0.012 0.000 0.000
0.847 0.816 0.725 0.557 0.231 0.000 0.000 0.000 0.000 0.000 0.000 0.004 0.071 0.596 0.125 0.153 0.161 0.192 0.243 0.282 0.373 0.467 0.314 0.424 0.624 0.478 0.475 0.565 0.749 0.490 0.439 0.384 0.310 0.286 0.322 0.498 0.349 0.310 0.290 0.275 0.290 0.298 0.416 0.361 0.318 0.365 0.455 0.710 0.827 0.647 0.565 0.537 0.522 0.502 0.310 0.314 0.282 0.306 0.278 0.263 0.325 0.353 0.200 0.027 0.000 0.000 0.000 0.000 0.000 0.000 0.000 0.000 0.000 0.000 0.000 0.000 0.000 0.000 0.000 0.000 0.012 0.075 0.082 0.031 0.008 0.008 0.008 0.016 0.024 0.039 0.039 0.035 0.031 0.027 0.016 0.016 0.012 0.012 0.000 0.000
0.812 0.776 0.627 0.475 0.173 0.004 0.000 0.000 0.000 0.000 0.000 0.043 0.098 0.702 0.125 0.125 0.231 0.157 0.259 0.278 0.282 0.502 0.325 0.400 0.549 0.435 0.510 0.659 0.733 0.306 0.396 0.302 0.322 0.486 0.529 0.314 0.267 0.263 0.271 0.239 0.263 0.420 0.408 0.325 0.361 0.451 0.529 0.859 0.812 0.624 0.525 0.502 0.525 0.341 0.361 0.329 0.302 0.294 0.267 0.282 0.392 0.310 0.333 0.027 0.008 0.000 0.000 0.000 0.000 0.000 0.000 0.000 0.000 0.000 0.000 0.000 0.000 0.000 0.000 0.000 0.047 0.102 0.086 0.035 0.012 0.012 0.012 0.016 0.024 0.035 0.039 0.035 0.031 0.027 0.020 0.016 0.012 0.012 0.000 0.000
0.800 0.761 0.600 0.420 0.129 0.024 0.000 0.000 0.000 0.004 0.024 0.071 0.106 0.090 0.702 0.078 0.220 0.188 0.192 0.259 0.259 0.447 0.325 0.514 0.349 0.514 0.635 0.725 0.373 0.369 0.376 0.361 0.588 0.416 0.180 0.231 0.255 0.275 0.251 0.275 0.439 0.475 0.349 0.408 0.443 0.553 0.682 0.890 0.859 0.592 0.659 0.541 0.322 0.298 0.325 0.275 0.290 0.263 0.259 0.365 0.392 0.294 0.420 0.031 0.012 0.004 0.000 0.000 0.000 0.000 0.000 0.000 0.000 0.000 0.000 0.000 0.000 0.000 0.000 0.004 0.047 0.106 0.086 0.039 0.016 0.012 0.012 0.020 0.027 0.039 0.039 0.035 0.031 0.027 0.027 0.020 0.016 0.016 0.000 0.000
0.769 0.675 0.545 0.333 0.098 0.012 0.000 0.000 0.004 0.008 0.035 0.090 0.133 0.133 0.082 0.569 0.129 0.302 0.114 0.200 0.278 0.416 0.263 0.361 0.475 0.537 0.733 0.345 0.275 0.373 0.439 0.545 0.267 0.231 0.275 0.294 0.251 0.294 0.322 0.475 0.478 0.396 0.443 0.482 0.518 0.655 0.902 0.867 0.796 0.710 0.635 0.302 0.341 0.302 0.290 0.294 0.267 0.208 0.318 0.400 0.290 0.224 0.169 0.043 0.016 0.008 0.008 0.004 0.004 0.004 0.004 0.004 0.004 0.004 0.004 0.004 0.004 0.004 0.000 0.004 0.055 0.106 0.090 0.047 0.020 0.016 0.020 0.024 0.043 0.082 0.106 0.106 0.106 0.098 0.098 0.098 0.098 0.098 0.051 0.012
0.729 0.612 0.506 0.314 0.133 0.039 0.027 0.039 0.035 0.039 0.055 0.110 0.157 0.157 0.125 0.110 0.047 0.129 0.243 0.165 0.204 0.341 0.247 0.239 0.412 0.596 0.141 0.310 0.345 0.400 0.525 0.231 0.278 0.271 0.290 0.337 0.278 0.329 0.443 0.545 0.463 0.502 0.514 0.506 0.741 0.902 0.831 0.780 0.690 0.608 0.565 0.333 0.353 0.325 0.310 0.290 0.231 0.298 0.310 0.086 0.059 0.180 0.055 0.051 0.043 0.047 0.055 0.047 0.047 0.047 0.047 0.047 0.051 0.047 0.047 0.051 0.051 0.051 0.047 0.067 0.106 0.137 0.102 0.047 0.031 0.020 0.027 0.035 0.071 0.165 0.329 0.416 0.416 0.408 0.424 0.463 0.506 0.514 0.498 0.424
0.741 0.639 0.541 0.459 0.302 0.212 0.220 0.239 0.204 0.141 0.125 0.157 0.220 0.180 0.133 0.145 0.192 0.024 0.031 0.114 0.086 0.090 0.200 0.220 0.165 0.263 0.278 0.263 0.396 0.498 0.212 0.259 0.271 0.286 0.251 0.282 0.392 0.533 0.353 0.510 0.718 0.639 0.729 0.706 0.878 0.898 0.686 0.616 0.529 0.514 0.475 0.757 0.463 0.337 0.427 0.239 0.282 0.090 0.043 0.035 0.051 0.024 0.086 0.114 0.133 0.208 0.259 0.267 0.290 0.298 0.314 0.306 0.302 0.306 0.310 0.318 0.318 0.322 0.333 0.310 0.306 0.196 0.090 0.039 0.020 0.020 0.031 0.039 0.071 0.184 0.416 0.573 0.561 0.573 0.624 0.710 0.769 0.769 0.757 0.757
0.776 0.667 0.565 0.549 0.541 0.600 0.631 0.663 0.506 0.278 0.192 0.216 0.286 0.204 0.141 0.161 0.247 0.365 0.078 0.027 0.051 0.067 0.110 0.239 0.239 0.173 0.216 0.420 0.310 0.173 0.282 0.275 0.275 0.275 0.286 0.294 0.357 0.604 0.447 0.435 0.404 0.451 0.867 0.933 0.925 0.808 0.941 0.800 0.682 0.529 0.827 0.886 0.863 0.663 0.906 0.482 0.165 0.051 0.016 0.012 0.071 0.145 0.153 0.176 0.227 0.361 0.447 0.482 0.529 0.596 0.647 0.686 0.678 0.655 0.639 0.671 0.678 0.659 0.655 0.541 0.412 0.196 0.082 0.039 0.027 0.027 0.031 0.043 0.078 0.184 0.416 0.573 0.573 0.573 0.620 0.714 0.765 0.765 0.745 0.718
0.737 0.635 0.557 0.525 0.580 0.627 0.635 0.675 0.518 0.298 0.212 0.239 0.298 0.208 0.161 0.176 0.255 0.369 0.588 0.663 0.035 0.020 0.031 0.063 0.122 0.200 0.110 0.204 0.200 0.263 0.224 0.200 0.153 0.188 0.231 0.329 0.671 0.310 0.341 0.349 0.353 0.369 0.349 0.384 0.459 0.796 0.216 0.525 0.514 0.733 0.447 0.549 0.306 0.765 0.675 0.086 0.110 0.020 0.027 0.153 0.153 0.165 0.200 0.243 0.275 0.369 0.427 0.475 0.510 0.569 0.635 0.667 0.682 0.659 0.655 0.678 0.682 0.659 0.659 0.533 0.396 0.192 0.078 0.039 0.031 0.031 0.035 0.039 0.078 0.184 0.416 0.573 0.569 0.580 0.620 0.722 0.769 0.741 0.710 0.682
0.706 0.620 0.549 0.537 0.592 0.620 0.635 0.671 0.533 0.314 0.239 0.267 0.318 0.235 0.176 0.184 0.275 0.384 0.596 0.663 0.729 0.698 0.271 0.035 0.035 0.078 0.098 0.118 0.220 0.349 0.161 0.208 0.220 0.216 0.176 0.678 0.200 0.204 0.227 0.263 0.271 0.290 0.341 0.325 0.267 0.533 0.576 0.678 0.820 0.933 0.541 0.365 0.322 0.271 0.153 0.020 0.141 0.125 0.122 0.110 0.118 0.118 0.125 0.145 0.176 0.271 0.400 0.455 0.506 0.580 0.643 0.655 0.655 0.647 0.651 0.671 0.667 0.663 0.667 0.557 0.396 0.188 0.071 0.043 0.031 0.031 0.039 0.047 0.075 0.188 0.412 0.565 0.573 0.580 0.627 0.710 0.792 0.757 0.675 0.643
0.682 0.600 0.545 0.549 0.600 0.651 0.659 0.678 0.553 0.349 0.271 0.294 0.345 0.259 0.200 0.220 0.298 0.404 0.604 0.690 0.737 0.729 0.710 0.667 0.165 0.039 0.067 0.078 0.106 0.161 0.216 0.231 0.176 0.200 0.420 0.153 0.153 0.180 0.196 0.220 0.255 0.298 0.318 0.298 0.620 0.702 0.710 0.753 0.871 0.906 0.576 0.467 0.322 0.224 0.373 0.165 0.082 0.086 0.090 0.098 0.086 0.071 0.071 0.082 0.125 0.235 0.373 0.427 0.467 0.557 0.639 0.647 0.643 0.635 0.631 0.643 0.647 0.655 0.667 0.600 0.416 0.196 0.082 0.047 0.035 0.035 0.043 0.047 0.075 0.196 0.408 0.569 0.565 0.561 0.627 0.714 0.769 0.729 0.659 0.624
0.647 0.569 0.525 0.541 0.620 0.643 0.655 0.686 0.561 0.416 0.345 0.361 0.376 0.282 0.224 0.227 0.318 0.424 0.616 0.694 0.745 0.714 0.698 0.659 0.647 0.612 0.224 0.043 0.067 0.078 0.122 0.180 0.243 0.176 0.220 0.212 0.275 0.282 0.325 0.333 0.325 0.318 0.294 0.600 0.663 0.604 0.561 0.682 0.937 0.851 0.847 0.549 0.357 0.718 0.416 0.212 0.153 0.176 0.196 0.157 0.118 0.114 0.137 0.192 0.220 0.298 0.361 0.369 0.416 0.494 0.596 0.588 0.620 0.620 0.616 0.647 0.667 0.675 0.678 0.576 0.400 0.196 0.082 0.047 0.035 0.039 0.043 0.051 0.082 0.192 0.416 0.557 0.573 0.580 0.624 0.678 0.714 0.686 0.655 0.604
0.620 0.545 0.510 0.549 0.576 0.620 0.655 0.671 0.604 0.471 0.412 0.451 0.420 0.329 0.282 0.290 0.349 0.431 0.620 0.667 0.698 0.702 0.671 0.592 0.545 0.537 0.541 0.490 0.424 0.090 0.137 0.141 0.165 0.220 0.247 0.255 0.318 0.310 0.353 0.341 0.298 0.525 0.600 0.588 0.663 0.631 0.561 0.510 0.937 0.792 0.839 0.502 0.545 0.698 0.447 0.282 0.247 0.267 0.263 0.176 0.145 0.169 0.231 0.294 0.302 0.349 0.333 0.345 0.384 0.486 0.529 0.557 0.588 0.537 0.467 0.490 0.576 0.627 0.639 0.588 0.396 0.184 0.086 0.055 0.039 0.039 0.043 0.051 0.082 0.196 0.424 0.565 0.573 0.573 0.620 0.667 0.694 0.682 0.643 0.557
0.612 0.565 0.525 0.549 0.576 0.553 0.518 0.541 0.494 0.467 0.447 0.447 0.435 0.357 0.333 0.325 0.353 0.420 0.616 0.647 0.675 0.620 0.525 0.404 0.353 0.369 0.420 0.416 0.431 0.388 0.337 0.125 0.141 0.247 0.282 0.290 0.278 0.286 0.263 0.275 0.659 0.627 0.627 0.682 0.706 0.718 0.678 0.490 0.859 0.792 0.737 0.306 0.498 0.592 0.447 0.286 0.251 0.290 0.278 0.247 0.204 0.208 0.227 0.247 0.251 0.298 0.318 0.333 0.388 0.439 0.478 0.486 0.494 0.376 0.341 0.353 0.439 0.482 0.510 0.498 0.396 0.173 0.098 0.063 0.047 0.047 0.055 0.067 0.094 0.204 0.431 0.561 0.565 0.565 0.588 0.655 0.694 0.702 0.635 0.537
0.655 0.624 0.600 0.592 0.506 0.475 0.376 0.349 0.345 0.357 0.494 0.506 0.345 0.263 0.243 0.294 0.314 0.455 0.620 0.624 0.537 0.424 0.333 0.286 0.318 0.361 0.420 0.396 0.341 0.247 0.149 0.137 0.118 0.173 0.239 0.259 0.259 0.259 0.631 0.565 0.655 0.667 0.682 0.702 0.698 0.729 0.682 0.592 0.369 0.733 0.337 0.392 0.482 0.553 0.400 0.282 0.263 0.302 0.329 0.310 0.243 0.200 0.176 0.204 0.231 0.294 0.349 0.361 0.373 0.404 0.365 0.365 0.396 0.318 0.259 0.263 0.341 0.361 0.408 0.424 0.349 0.224 0.169 0.129 0.098 0.102 0.106 0.114 0.129 0.243 0.431 0.549 0.565 0.553 0.600 0.682 0.729 0.718 0.663 0.588
0.639 0.635 0.643 0.608 0.561 0.506 0.420 0.396 0.373 0.447 0.573 0.588 0.420 0.361 0.345 0.396 0.408 0.580 0.596 0.557 0.490 0.412 0.369 0.365 0.396 0.467 0.392 0.341 0.263 0.184 0.122 0.129 0.161 0.094 0.153 0.204 0.204 0.529 0.616 0.639 0.667 0.690 0.733 0.737 0.737 0.757 0.714 0.718 0.537 0.008 0.020 0.055 0.118 0.173 0.122 0.043 0.004 0.000 0.012 0.031 0.047 0.071 0.102 0.129 0.075 0.071 0.149 0.122 0.098 0.098 0.086 0.102 0.137 0.114 0.141 0.137 0.125 0.173 0.235 0.306 0.318 0.286 0.251 0.227 0.188 0.188 0.208 0.200 0.204 0.282 0.376 0.494 0.553 0.569 0.608 0.643 0.671 0.694 0.663 0.604
0.604 0.608 0.624 0.616 0.620 0.600 0.522 0.467 0.490 0.522 0.584 0.584 0.600 0.553 0.553 0.557 0.537 0.529 0.518 0.510 0.525 0.529 0.541 0.522 0.482 0.427 0.376 0.337 0.325 0.325 0.302 0.282 0.290 0.271 0.141 0.329 0.420 0.545 0.604 0.659 0.710 0.745 0.773 0.796 0.859 0.878 0.882 0.878 0.827 0.827 0.812 0.557 0.086 0.114 0.094 0.020 0.004 0.000 0.000 0.004 0.016 0.059 0.086 0.059 0.024 0.020 0.020 0.016 0.004 0.004 0.008 0.020 0.031 0.055 0.043 0.027 0.020 0.027 0.082 0.176 0.224 0.220 0.220 0.204 0.227 0.243 0.255 0.263 0.251 0.251 0.294 0.376 0.439 0.514 0.518 0.522 0.545 0.529 0.537 0.522
0.631 0.631 0.639 0.608 0.584 0.545 0.498 0.486 0.506 0.502 0.514 0.537 0.561 0.557 0.522 0.498 0.439 0.392 0.412 0.431 0.443 0.439 0.463 0.475 0.443 0.400 0.369 0.345 0.357 0.373 0.369 0.322 0.282 0.267 0.290 0.333 0.443 0.573 0.631 0.737 0.749 0.749 0.773 0.824 0.769 0.690 0.714 0.780 0.784 0.745 0.761 0.725 0.745 0.298 0.247 0.204 0.149 0.137 0.133 0.141 0.137 0.149 0.176 0.165 0.137 0.169 0.169 0.114 0.098 0.114 0.110 0.122 0.145 0.149 0.149 0.114 0.075 0.094 0.141 0.180 0.192 0.169 0.165 0.188 0.224 0.239 0.263 0.259 0.259 0.282 0.322 0.361 0.404 0.420 0.431 0.455 0.467 0.455 0.475 0.443
0.647 0.631 0.620 0.569 0.545 0.541 0.522 0.518 0.506 0.514 0.529 0.569 0.596 0.557 0.482 0.416 0.361 0.329 0.302 0.314 0.314 0.337 0.384 0.443 0.431 0.396 0.353 0.294 0.310 0.329 0.322 0.322 0.341 0.392 0.431 0.439 0.482 0.584 0.655 0.725 0.714 0.741 0.678 0.635 0.616 0.600 0.584 0.580 0.600 0.545 0.569 0.533 0.482 0.373 0.302 0.275 0.243 0.259 0.212 0.180 0.169 0.188 0.212 0.231 0.251 0.294 0.278 0.282 0.286 0.286 0.278 0.282 0.282 0.286 0.294 0.294 0.294 0.302 0.286 0.255 0.220 0.169 0.149 0.137 0.176 0.220 0.235 0.251 0.255 0.318 0.369 0.392 0.384 0.392 0.416 0.427 0.408 0.427 0.431 0.424
0.616 0.627 0.584 0.580 0.573 0.600 0.576 0.561 0.580 0.545 0.549 0.588 0.608 0.553 0.455 0.388 0.380 0.420 0.408 0.341 0.353 0.388 0.475 0.514 0.463 0.388 0.329 0.302 0.282 0.286 0.298 0.345 0.427 0.490 0.506 0.863 0.529 0.580 0.647 0.635 0.651 0.647 0.616 0.616 0.600 0.616 0.627 0.600 0.639 0.706 0.741 0.604 0.384 0.435 0.345 0.294 0.271 0.227 0.208 0.204 0.204 0.220 0.255 0.275 0.267 0.259 0.255 0.251 0.259 0.251 0.255 0.263 0.267 0.275 0.275 0.275 0.275 0.275 0.286 0.255 0.243 0.216 0.153 0.129 0.133 0.157 0.165 0.169 0.180 0.259 0.380 0.451 0.439 0.435 0.459 0.435 0.408 0.396 0.373 0.384
0.569 0.596 0.620 0.631 0.620 0.620 0.596 0.592 0.592 0.635 0.620 0.612 0.506 0.443 0.420 0.380 0.443 0.510 0.529 0.482 0.494 0.557 0.565 0.580 0.475 0.416 0.341 0.314 0.271 0.259 0.275 0.314 0.376 0.412 0.510 0.886 0.620 0.635 0.573 0.612 0.596 0.596 0.600 0.600 0.588 0.580 0.592 0.576 0.525 0.592 0.510 0.471 0.353 0.447 0.400 0.200 0.204 0.231 0.271 0.290 0.275 0.243 0.235 0.263 0.263 0.251 0.227 0.216 0.235 0.239 0.251 0.251 0.259 0.251 0.255 0.255 0.259 0.267 0.267 0.271 0.259 0.263 0.231 0.200 0.169 0.129 0.137 0.125 0.145 0.255 0.420 0.518 0.439 0.404 0.412 0.478 0.463 0.435 0.408 0.392
0.565 0.588 0.616 0.635 0.631 0.655 0.616 0.612 0.647 0.663 0.635 0.545 0.467 0.416 0.392 0.384 0.459 0.522 0.576 0.580 0.522 0.467 0.475 0.435 0.471 0.380 0.322 0.271 0.227 0.196 0.200 0.239 0.282 0.318 0.808 0.878 0.675 0.541 0.533 0.561 0.573 0.561 0.600 0.600 0.792 0.878 0.867 0.784 0.780 0.718 0.675 0.678 0.804 0.651 0.561 0.322 0.259 0.353 0.451 0.416 0.329 0.278 0.259 0.243 0.212 0.188 0.180 0.204 0.216 0.216 0.224 0.220 0.235 0.239 0.231 0.239 0.255 0.263 0.267 0.286 0.294 0.263 0.278 0.290 0.239 0.161 0.129 0.125 0.169 0.271 0.412 0.475 0.455 0.431 0.463 0.506 0.537 0.502 0.443 0.388
0.545 0.537 0.561 0.600 0.620 0.647 0.620 0.647 0.667 0.604 0.494 0.494 0.443 0.447 0.349 0.318 0.349 0.506 0.565 0.416 0.325 0.416 0.361 0.361 0.275 0.157 0.098 0.063 0.067 0.086 0.102 0.102 0.169 0.729 0.400 0.357 0.678 0.522 0.639 0.525 0.588 0.576 0.565 0.600 0.576 0.718 0.569 0.612 0.796 0.878 0.827 0.796 0.655 0.812 0.510 0.380 0.282 0.357 0.412 0.369 0.306 0.275 0.263 0.263 0.227 0.192 0.184 0.184 0.188 0.180 0.173 0.196 0.208 0.231 0.220 0.239 0.275 0.286 0.294 0.322 0.298 0.282 0.318 0.369 0.341 0.271 0.247 0.227 0.282 0.357 0.451 0.510 0.537 0.529 0.549 0.537 0.541 0.463 0.435 0.400
0.592 0.561 0.580 0.624 0.639 0.659 0.643 0.576 0.522 0.369 0.353 0.353 0.388 0.420 0.463 0.424 0.427 0.584 0.455 0.376 0.341 0.408 0.471 0.392 0.271 0.043 0.000 0.000 0.000 0.020 0.016 0.000 0.094 0.706 0.506 0.525 0.596 0.722 0.631 0.506 0.424 0.455 0.459 0.475 0.459 0.510 0.647 0.510 0.525 0.545 0.510 0.420 0.341 0.506 0.424 0.333 0.153 0.165 0.176 0.173 0.157 0.133 0.129 0.118 0.122 0.125 0.114 0.125 0.122 0.114 0.153 0.200 0.227 0.220 0.216 0.208 0.267 0.286 0.275 0.271 0.263 0.271 0.325 0.396 0.412 0.380 0.349 0.322 0.341 0.392 0.416 0.443 0.482 0.502 0.471 0.435 0.396 0.373 0.353 0.376
0.627 0.616 0.635 0.643 0.631 0.639 0.471 0.286 0.275 0.302 0.376 0.376 0.376 0.420 0.467 0.569 0.549 0.478 0.451 0.361 0.361 0.475 0.459 0.294 0.118 0.000 0.000 0.000 0.000 0.000 0.000 0.008 0.537 0.643 0.788 0.737 0.635 0.812 0.635 0.416 0.424 0.318 0.408 0.341 0.376 0.396 0.463 0.580 0.482 0.318 0.290 0.298 0.408 0.420 0.329 0.243 0.035 0.071 0.098 0.106 0.114 0.102 0.094 0.082 0.063 0.051 0.043 0.047 0.051 0.090 0.133 0.192 0.247 0.208 0.173 0.184 0.216 0.251 0.231 0.235 0.243 0.278 0.290 0.322 0.329 0.306 0.318 0.302 0.349 0.369 0.353 0.318 0.365 0.404 0.369 0.369 0.329 0.302 0.329 0.353
0.667 0.655 0.663 0.659 0.663 0.506 0.314 0.204 0.157 0.278 0.337 0.369 0.416 0.490 0.561 0.549 0.514 0.408 0.369 0.369 0.369 0.376 0.278 0.125 0.027 0.004 0.000 0.000 0.000 0.000 0.000 0.086 0.690 0.541 0.616 0.753 0.753 0.722 0.525 0.424 0.404 0.424 0.400 0.424 0.400 0.424 0.290 0.357 0.478 0.420 0.341 0.271 0.243 0.286 0.341 0.318 0.110 0.082 0.125 0.082 0.039 0.012 0.031 0.055 0.047 0.008 0.000 0.000 0.000 0.020 0.086 0.161 0.110 0.078 0.067 0.078 0.161 0.208 0.259 0.235 0.235 0.263 0.263 0.263 0.298 0.310 0.310 0.318 0.345 0.333 0.298 0.294 0.306 0.361 0.369 0.349 0.322 0.302 0.298 0.294
0.627 0.639 0.647 0.612 0.635 0.631 0.486 0.400 0.443 0.435 0.380 0.443 0.463 0.565 0.447 0.341 0.345 0.416 0.451 0.373 0.302 0.220 0.157 0.047 0.000 0.004 0.012 0.004 0.000 0.000 0.000 0.878 0.659 0.635 0.655 0.780 0.902 0.796 0.514 0.553 0.569 0.549 0.620 0.478 0.341 0.584 0.514 0.596 0.576 0.678 0.353 0.847 0.639 0.427 0.565 0.463 0.082 0.161 0.145 0.067 0.000 0.000 0.004 0.035 0.043 0.027 0.008 0.004 0.004 0.031 0.075 0.102 0.114 0.078 0.051 0.067 0.098 0.192 0.216 0.180 0.200 0.251 0.235 0.227 0.200 0.157 0.110 0.157 0.259 0.365 0.396 0.369 0.380 0.396 0.400 0.427 0.373 0.310 0.306 0.298
0.643 0.600 0.639 0.612 0.565 0.541 0.506 0.541 0.522 0.518 0.529 0.522 0.541 0.557 0.494 0.392 0.373 0.514 0.573 0.486 0.384 0.333 0.306 0.176 0.098 0.106 0.114 0.075 0.020 0.012 0.016 0.859 0.890 0.933 0.945 0.925 0.925 0.898 0.463 0.455 0.514 0.671 0.616 0.647 0.773 0.471 0.663 0.557 0.569 0.722 0.761 0.796 0.471 0.514 0.596 0.353 0.412 0.278 0.192 0.141 0.055 0.016 0.020 0.039 0.039 0.039 0.027 0.020 0.039 0.047 0.059 0.075 0.098 0.102 0.071 0.063 0.122 0.149 0.075 0.051 0.086 0.184 0.165 0.106 0.082 0.071 0.094 0.161 0.302 0.416 0.408 0.388 0.353 0.365 0.376 0.376 0.400 0.384 0.329 0.302
0.663 0.659 0.592 0.537 0.522 0.490 0.482 0.490 0.498 0.478 0.541 0.537 0.498 0.451 0.475 0.541 0.604 0.604 0.596 0.620 0.659 0.671 0.576 0.424 0.349 0.365 0.314 0.196 0.153 0.137 0.082 0.843 0.878 0.871 0.898 0.906 0.910 0.933 0.690 0.596 0.573 0.624 0.675 0.643 0.671 0.729 0.722 0.698 0.678 0.573 0.557 0.545 0.643 0.745 0.580 0.502 0.478 0.255 0.314 0.325 0.161 0.102 0.078 0.094 0.063 0.035 0.008 0.000 0.000 0.000 0.008 0.024 0.051 0.067 0.114 0.098 0.090 0.059 0.031 0.027 0.059 0.118 0.129 0.110 0.098 0.129 0.180 0.255 0.337 0.396 0.412 0.380 0.341 0.282 0.282 0.345 0.455 0.490 0.361 0.325
0.659 0.631 0.592 0.514 0.506 0.522 0.522 0.498 0.443 0.459 0.494 0.588 0.431 0.357 0.373 0.510 0.565 0.592 0.569 0.639 0.702 0.737 0.682 0.573 0.502 0.443 0.353 0.286 0.286 0.310 0.204 0.847 0.867 0.906 0.902 0.902 0.910 0.918 0.890 0.808 0.694 0.604 0.549 0.541 0.514 0.510 0.506 0.506 0.475 0.459 0.478 0.451 0.427 0.396 0.357 0.333 0.702 0.573 0.420 0.341 0.196 0.122 0.082 0.063 0.043 0.027 0.004 0.000 0.000 0.000 0.000 0.000 0.000 0.039 0.047 0.063 0.031 0.016 0.016 0.020 0.055 0.090 0.137 0.114 0.098 0.110 0.133 0.200 0.282 0.353 0.349 0.333 0.294 0.278 0.310 0.380 0.475 0.431 0.404 0.420
0.663 0.647 0.612 0.565 0.573 0.569 0.545 0.529 0.522 0.529 0.573 0.592 0.537 0.455 0.459 0.478 0.510 0.541 0.608 0.659 0.733 0.776 0.765 0.682 0.596 0.545 0.537 0.463 0.424 0.463 0.427 0.839 0.863 0.922 0.910 0.796 0.902 0.925 0.945 0.910 0.835 0.773 0.725 0.675 0.631 0.573 0.569 0.573 0.557 0.494 0.463 0.463 0.427 0.361 0.333 0.475 0.690 0.608 0.569 0.455 0.286 0.169 0.090 0.067 0.078 0.098 0.098 0.075 0.055 0.043 0.035 0.024 0.024 0.047 0.051 0.055 0.059 0.031 0.020 0.016 0.059 0.086 0.114 0.078 0.067 0.078 0.137 0.231 0.310 0.325 0.318 0.310 0.271 0.239 0.263 0.239 0.251 0.282 0.388 0.447
0.698 0.663 0.620 0.600 0.596 0.600 0.565 0.545 0.557 0.443 0.349 0.361 0.380 0.537 0.451 0.376 0.357 0.392 0.459 0.541 0.667 0.769 0.765 0.682 0.624 0.600 0.620 0.588 0.549 0.498 0.412 0.847 0.835 0.808 0.784 0.722 0.678 0.773 0.831 0.875 0.773 0.831 0.835 0.827 0.820 0.812 0.784 0.804 0.835 0.839 0.847 0.561 0.514 0.486 0.384 0.808 0.859 0.784 0.761 0.627 0.416 0.314 0.180 0.176 0.275 0.380 0.420 0.361 0.314 0.278 0.278 0.243 0.224 0.247 0.271 0.306 0.263 0.188 0.125 0.118 0.110 0.102 0.106 0.082 0.067 0.082 0.141 0.235 0.263 0.278 0.290 0.267 0.263 0.255 0.243 0.188 0.176 0.208 0.282 0.365
0.659 0.678 0.659 0.651 0.631 0.663 0.655 0.627 0.506 0.341 0.259 0.216 0.318 0.404 0.357 0.275 0.271 0.384 0.439 0.486 0.600 0.647 0.663 0.651 0.631 0.608 0.584 0.537 0.510 0.396 0.294 0.702 0.820 0.745 0.808 0.820 0.847 0.875 0.635 0.627 0.678 0.745 0.804 0.898 0.871 0.894 0.898 0.886 0.894 0.843 0.890 0.871 0.792 0.718 0.761 0.788 0.894 0.867 0.804 0.553 0.525 0.486 0.420 0.427 0.478 0.455 0.420 0.412 0.412 0.376 0.353 0.349 0.353 0.376 0.388 0.400 0.408 0.420 0.376 0.349 0.208 0.114 0.094 0.102 0.094 0.098 0.090 0.098 0.122 0.192 0.286 0.341 0.325 0.337 0.263 0.227 0.231 0.259 0.259 0.255
0.659 0.624 0.624 0.627 0.659 0.651 0.678 0.624 0.494 0.365 0.290 0.310 0.298 0.349 0.345 0.329 0.302 0.443 0.541 0.561 0.588 0.596 0.588 0.612 0.616 0.576 0.514 0.506 0.506 0.412 0.259 0.302 0.824 0.812 0.792 0.686 0.757 0.725 0.706 0.792 0.847 0.859 0.694 0.820 0.851 0.812 0.855 0.871 0.835 0.871 0.878 0.894 0.918 0.780 0.765 0.804 0.702 0.690 0.549 0.408 0.541 0.584 0.569 0.604 0.467 0.420 0.431 0.435 0.447 0.439 0.435 0.420 0.404 0.384 0.392 0.412 0.400 0.400 0.408 0.396 0.216 0.114 0.082 0.102 0.106 0.090 0.078 0.075 0.114 0.231 0.357 0.408 0.396 0.322 0.314 0.294 0.294 0.302 0.278 0.278
0.671 0.627 0.537 0.573 0.592 0.671 0.675 0.671 0.588 0.439 0.388 0.357 0.278 0.259 0.318 0.373 0.392 0.365 0.400 0.463 0.482 0.431 0.376 0.424 0.502 0.529 0.502 0.502 0.537 0.553 0.459 0.380 0.478 0.620 0.741 0.706 0.776 0.886 0.608 0.475 0.427 0.475 0.580 0.776 0.898 0.698 0.592 0.678 0.808 0.812 0.843 0.835 0.784 0.878 0.780 0.655 0.624 0.518 0.443 0.533 0.576 0.608 0.490 0.443 0.380 0.373 0.388 0.396 0.384 0.408 0.427 0.459 0.427 0.412 0.431 0.459 0.471 0.435 0.455 0.400 0.208 0.094 0.071 0.078 0.102 0.090 0.094 0.110 0.145 0.220 0.337 0.369 0.333 0.329 0.353 0.376 0.353 0.329 0.322 0.361
0.651 0.612 0.573 0.596 0.631 0.612 0.475 0.353 0.361 0.357 0.349 0.314 0.267 0.243 0.263 0.322 0.408 0.467 0.427 0.439 0.459 0.451 0.420 0.443 0.475 0.510 0.537 0.490 0.482 0.451 0.384 0.314 0.400 0.549 0.573 0.537 0.596 0.725 0.561 0.420 0.549 0.627 0.490 0.616 0.725 0.855 0.878 0.796 0.773 0.671 0.792 0.753 0.796 0.808 0.820 0.490 0.624 0.514 0.451 0.431 0.431 0.412 0.396 0.302 0.290 0.302 0.314 0.325 0.404 0.420 0.373 0.373 0.361 0.388 0.416 0.486 0.475 0.447 0.467 0.435 0.271 0.153 0.110 0.098 0.098 0.090 0.110 0.141 0.192 0.227 0.298 0.361 0.341 0.357 0.357 0.373 0.345 0.294 0.318 0.333
0.584 0.537 0.537 0.604 0.537 0.337 0.208 0.153 0.188 0.224 0.200 0.180 0.161 0.188 0.216 0.267 0.329 0.463 0.553 0.404 0.380 0.369 0.404 0.416 0.435 0.471 0.467 0.490 0.502 0.490 0.396 0.318 0.302 0.325 0.443 0.478 0.612 0.490 0.514 0.565 0.533 0.600 0.616 0.404 0.639 0.643 0.733 0.714 0.745 0.733 0.906 0.753 0.812 0.600 0.616 0.471 0.298 0.384 0.337 0.310 0.310 0.306 0.322 0.314 0.267 0.290 0.286 0.314 0.314 0.345 0.416 0.369 0.361 0.373 0.396 0.412 0.380 0.380 0.373 0.361 0.227 0.137 0.102 0.098 0.094 0.106 0.165 0.224 0.263 0.255 0.271 0.361 0.373 0.408 0.294 0.220 0.192 0.216 0.259 0.298
0.541 0.486 0.439 0.376 0.318 0.267 0.224 0.231 0.294 0.349 0.306 0.255 0.243 0.310 0.341 0.376 0.388 0.424 0.494 0.376 0.314 0.298 0.341 0.322 0.271 0.263 0.286 0.380 0.475 0.482 0.482 0.431 0.412 0.416 0.482 0.518 0.584 0.463 0.553 0.510 0.525 0.600 0.459 0.635 0.557 0.596 0.624 0.584 0.667 0.690 0.624 0.380 0.427 0.455 0.373 0.318 0.345 0.337 0.376 0.369 0.404 0.451 0.467 0.416 0.392 0.420 0.439 0.392 0.361 0.349 0.349 0.361 0.357 0.337 0.357 0.376 0.380 0.373 0.357 0.365 0.196 0.125 0.102 0.114 0.090 0.094 0.153 0.227 0.255 0.275 0.314 0.333 0.376 0.412 0.353 0.220 0.192 0.192 0.224 0.263
0.525 0.475 0.396 0.333 0.302 0.341 0.400 0.451 0.467 0.482 0.459 0.482 0.498 0.522 0.553 0.576 0.518 0.478 0.463 0.412 0.353 0.325 0.345 0.369 0.361 0.357 0.365 0.463 0.482 0.447 0.384 0.380 0.361 0.451 0.482 0.553 0.580 0.576 0.478 0.467 0.518 0.478 0.506 0.490 0.463 0.478 0.565 0.475 0.467 0.384 0.333 0.404 0.447 0.431 0.337 0.286 0.302 0.341 0.416 0.463 0.502 0.533 0.604 0.573 0.424 0.345 0.278 0.263 0.286 0.294 0.322 0.310 0.271 0.302 0.318 0.361 0.325 0.310 0.290 0.298 0.184 0.122 0.118 0.118 0.098 0.098 0.141 0.184 0.212 0.267 0.376 0.392 0.380 0.365 0.431 0.392 0.353 0.322 0.282 0.224
0.545 0.510 0.482 0.475 0.463 0.490 0.545 0.533 0.533 0.553 0.573 0.580 0.588 0.592 0.620 0.608 0.549 0.471 0.447 0.443 0.427 0.439 0.427 0.400 0.369 0.404 0.443 0.463 0.443 0.412 0.290 0.220 0.259 0.455 0.482 0.506 0.514 0.451 0.408 0.361 0.310 0.318 0.376 0.392 0.369 0.361 0.349 0.392 0.345 0.353 0.392 0.459 0.424 0.325 0.200 0.176 0.216 0.286 0.427 0.424 0.541 0.545 0.576 0.596 0.502 0.396 0.310 0.302 0.278 0.251 0.235 0.267 0.271 0.267 0.259 0.286 0.267 0.275 0.271 0.278 0.180 0.118 0.102 0.125 0.110 0.110 0.149 0.196 0.294 0.357 0.420 0.349 0.318 0.310 0.333 0.427 0.482 0.494 0.431 0.306
0.545 0.576 0.584 0.604 0.608 0.608 0.620 0.608 0.608 0.612 0.655 0.675 0.631 0.604 0.600 0.592 0.510 0.427 0.400 0.384 0.447 0.475 0.506 0.475 0.427 0.416 0.412 0.439 0.408 0.400 0.286 0.220 0.231 0.384 0.490 0.439 0.396 0.384 0.322 0.259 0.184 0.227 0.373 0.482 0.404 0.333 0.251 0.192 0.204 0.286 0.337 0.400 0.412 0.314 0.204 0.137 0.169 0.243 0.333 0.537 0.616 0.565 0.549 0.510 0.431 0.392 0.325 0.290 0.243 0.200 0.212 0.259 0.247 0.247 0.220 0.247 0.271 0.306 0.361 0.345 0.216 0.106 0.075 0.086 0.098 0.110 0.169 0.275 0.365 0.373 0.376 0.329 0.286 0.302 0.349 0.376 0.424 0.400 0.447 0.416
0.533 0.549 0.537 0.569 0.576 0.573 0.596 0.576 0.537 0.545 0.612 0.655 0.639 0.608 0.584 0.490 0.447 0.416 0.404 0.404 0.431 0.447 0.478 0.502 0.510 0.494 0.443 0.435 0.447 0.490 0.490 0.471 0.482 0.494 0.486 0.408 0.369 0.388 0.400 0.392 0.380 0.416 0.529 0.612 0.435 0.325 0.278 0.361 0.400 0.424 0.478 0.522 0.486 0.278 0.165 0.129 0.165 0.227 0.318 0.380 0.435 0.459 0.373 0.243 0.212 0.153 0.122 0.106 0.106 0.137 0.153 0.184 0.169 0.173 0.192 0.196 0.200 0.212 0.255 0.267 0.200 0.133 0.094 0.086 0.098 0.125 0.188 0.227 0.271 0.302 0.333 0.341 0.314 0.290 0.298 0.290 0.275 0.239 0.290 0.396
0.537 0.420 0.365 0.475 0.522 0.545 0.545 0.541 0.502 0.478 0.486 0.525 0.537 0.533 0.506 0.467 0.439 0.427 0.475 0.478 0.478 0.424 0.412 0.455 0.557 0.545 0.514 0.525 0.518 0.561 0.588 0.596 0.604 0.588 0.561 0.490 0.447 0.451 0.486 0.600 0.592 0.600 0.600 0.475 0.361 0.286 0.275 0.329 0.506 0.537 0.549 0.451 0.349 0.259 0.200 0.188 0.235 0.259 0.255 0.220 0.184 0.200 0.192 0.176 0.161 0.161 0.129 0.125 0.122 0.173 0.200 0.196 0.176 0.169 0.176 0.165 0.165 0.169 0.212 0.231 0.184 0.133 0.090 0.078 0.078 0.098 0.133 0.176 0.192 0.239 0.325 0.380 0.408 0.392 0.373 0.337 0.322 0.365 0.447 0.576
0.439 0.361 0.247 0.184 0.278 0.443 0.545 0.588 0.588 0.502 0.420 0.384 0.482 0.537 0.592 0.569 0.604 0.573 0.388 0.263 0.173 0.157 0.165 0.278 0.459 0.553 0.549 0.537 0.580 0.616 0.612 0.600 0.612 0.604 0.580 0.537 0.502 0.494 0.522 0.573 0.616 0.580 0.498 0.443 0.392 0.314 0.282 0.298 0.357 0.349 0.314 0.275 0.212 0.212 0.251 0.220 0.216 0.231 0.184 0.149 0.149 0.173 0.224 0.231 0.224 0.204 0.208 0.212 0.247 0.255 0.255 0.251 0.247 0.227 0.220 0.192 0.192 0.180 0.180 0.169 0.137 0.125 0.122 0.129 0.106 0.102 0.125 0.129 0.129 0.196 0.341 0.514 0.573 0.549 0.514 0.506 0.592 0.690 0.698 0.714
0.451 0.443 0.349 0.212 0.122 0.208 0.278 0.427 0.459 0.337 0.271 0.267 0.455 0.604 0.643 0.412 0.161 0.043 0.012 0.008 0.035 0.047 0.075 0.153 0.361 0.647 0.604 0.600 0.588 0.569 0.525 0.506 0.533 0.576 0.545 0.455 0.490 0.576 0.604 0.624 0.608 0.557 0.463 0.408 0.365 0.337 0.341 0.388 0.361 0.325 0.235 0.192 0.184 0.173 0.176 0.188 0.212 0.231 0.157 0.157 0.180 0.227 0.227 0.235 0.227 0.271 0.298 0.318 0.275 0.231 0.200 0.204 0.220 0.224 0.224 0.243 0.231 0.204 0.169 0.157 0.161 0.184 0.196 0.153 0.129 0.118 0.106 0.106 0.118 0.224 0.459 0.459 0.435 0.431 0.569 0.580 0.643 0.682 0.714 0.722
0.490 0.447 0.482 0.443 0.420 0.337 0.239 0.224 0.239 0.239 0.278 0.380 0.565 0.557 0.337 0.067 0.004 0.000 0.000 0.000 0.000 0.051 0.125 0.306 0.506 0.616 0.435 0.408 0.443 0.408 0.388 0.357 0.416 0.518 0.400 0.306 0.337 0.467 0.627 0.643 0.576 0.408 0.361 0.318 0.325 0.373 0.447 0.522 0.537 0.408 0.314 0.294 0.306 0.298 0.271 0.294 0.318 0.251 0.169 0.153 0.227 0.235 0.224 0.247 0.278 0.314 0.349 0.329 0.302 0.259 0.239 0.208 0.200 0.224 0.251 0.235 0.251 0.267 0.227 0.200 0.208 0.220 0.180 0.118 0.086 0.071 0.067 0.075 0.122 0.220 0.341 0.369 0.408 0.424 0.424 0.494 0.612 0.690 0.714 0.722
0.494 0.541 0.580 0.588 0.584 0.576 0.443 0.322 0.263 0.349 0.396 0.396 0.157 0.075 0.024 0.004 0.000 0.000 0.000 0.000 0.016 0.129 0.475 0.624 0.518 0.071 0.000 0.000 0.059 0.235 0.357 0.388 0.467 0.604 0.529 0.467 0.439 0.365 0.384 0.451 0.443 0.396 0.353 0.412 0.431 0.502 0.576 0.706 0.667 0.404 0.322 0.322 0.357 0.412 0.447 0.576 0.584 0.361 0.278 0.224 0.231 0.204 0.204 0.216 0.239 0.235 0.255 0.294 0.294 0.302 0.275 0.251 0.263 0.294 0.259 0.220 0.220 0.224 0.227 0.224 0.216 0.173 0.086 0.059 0.051 0.067 0.090 0.118 0.149 0.169 0.192 0.204 0.212 0.196 0.184 0.208 0.247 0.271 0.306 0.341
0.529 0.596 0.675 0.690 0.647 0.651 0.565 0.494 0.490 0.529 0.275 0.192 0.071 0.020 0.000 0.000 0.000 0.004 0.071 0.157 0.290 0.506 0.549 0.392 0.157 0.027 0.000 0.008 0.161 0.345 0.353 0.306 0.400 0.478 0.588 0.561 0.302 0.235 0.169 0.255 0.467 0.463 0.478 0.533 0.549 0.655 0.694 0.702 0.596 0.459 0.290 0.231 0.239 0.314 0.451 0.580 0.569 0.435 0.333 0.263 0.231 0.231 0.200 0.192 0.208 0.239 0.247 0.275 0.286 0.286 0.290 0.294 0.286 0.302 0.298 0.322 0.302 0.306 0.271 0.286 0.208 0.090 0.071 0.071 0.102 0.129 0.141 0.184 0.235 0.235 0.208 0.161 0.141 0.118 0.125 0.110 0.106 0.098 0.102 0.106
0.573 0.584 0.647 0.639 0.745 0.773 0.757 0.651 0.525 0.357 0.275 0.204 0.216 0.196 0.161 0.137 0.153 0.306 0.494 0.404 0.431 0.541 0.545 0.314 0.200 0.098 0.106 0.133 0.149 0.204 0.180 0.243 0.251 0.298 0.314 0.302 0.243 0.208 0.220 0.333 0.435 0.624 0.584 0.561 0.592 0.667 0.675 0.627 0.494 0.180 0.094 0.078 0.114 0.247 0.412 0.584 0.635 0.408 0.278 0.188 0.169 0.208 0.208 0.216 0.227 0.251 0.239 0.247 0.224 0.235 0.243 0.263 0.247 0.247 0.298 0.306 0.322 0.282 0.275 0.267 0.231 0.180 0.149 0.184 0.204 0.208 0.204 0.239 0.282 0.271 0.231 0.161 0.137 0.173 0.204 0.216 0.180 0.173 0.161 0.149
